212270340
212270773
212270861
212271587
212271980
212272120
212273312
212273454
212275087
212275195
212275451
212276317
212276489
212276968
212277232
212277440
212278489
212278977
212279078
212279178
212279965
212280245
212280974
212281720
212281978
212282094
212282150
212282566
212283130
212283239
212283385
212283777
212284156
212285073
212285781
212285811
212285876
212286115
212286278
212286956
212287443
212287937
212288070
212288796
212290532
212290958
212291220
212291473
212291819
212292086
212292202
212292256
212292336
212292351
212292691
212292753
212293041
212293577
212293832
212294383
212294697
212294721
212294852
212294917
212295555
212296215
212296416
212296532
212296832
212296948
212297049
212298284
212298595
212298733
212298749
212299314
212299704
212299715
212300151
212300469
212300825
212300942
212300977
212300977
212301092
212301192
212301511
212301559
212301753
212301917
212302012
212302294
212302603
212302714
212303032
212303065
212303188
212303252
212303300
212303551
212304282
212306006
212306363
212306513
212306655
212306878
212307085
212307616
212307713
212308131
212308159
212308208
212308485
212308862
212308887
212309219
212310149
212310220
212310416
212310551
212310689
212310942
212311460
212311547
212311710
212311832
212311841
212312299
212312841
212312876
212313295
212313298
212313595
212314198
212314467
212314869
212314902
212315127
212315593
212315655
212316046
212316516
212316597
212316634
212316847
212317152
212317251
212317414
212317562
212317677
212317841
212317844
212318873
212319201
212319518
212319712
212319716
212320198
212320325
212320879
212321144
212321156
212321330
212321333
212321786
212321863
212322162
212322338
212322532
212322695
212323768
212323886
212324698
212324841
212324974
212325264
212325274
212325298
212325502
212325509
212325805
212326121
212326198
212326285
212326306
212326344
212326411
212326614
212326767
212326838
212326908
212327113
212327356
212327737
212327814
212327819
212327956
212328143
212328581
212328964
212329112
212329328
212329497
212329998
212330039
212330226
212330358
212331297
212331707
212332014
212332228
212332264
212332853
212333045
212333095
212333201
212333202
212333268
212333371
212333463
212333980
212334094
212334111
212334588
212334655
212334843
212334872
212335603
212336100
212336603
212336755
212336992
212337781
212337871
212337910
212338002
212338900
212339158
212340408
212340417
212340486
212341222
212341458
212341637
212341678
212341717
212341843
212342867
212342882
212343137
212343320
212343568
212343694
212343707
212343931
212343994
212344068
212344155
212344328
212344516
212344856
212344930
212345002
212345650
212346608
212346679
212346879
212347129
212347545
212348329
212348560
212348913
212349577
212350079
212350125
212350579
212350589
212350827
212351044
212352185
212352631
212353006
212353519
212353918
212353943
212354416
212354655
212354789
212356739
212356796
212357037
212357382
212357406
212357642
212357743
212358198
212358327
212358354
212359265
212359614
212360180
212360221
212361899
212362004
212362181
212363117
212363618
212363969
212364163
212365072
212365146
212365490
212365586
212365854
212366085
212367342
212367365
212367383
212367467
212367554
212368520
212369028
212369076
212369824
212370565
212371500
212373769
212374293
212375034
212375245
212375523
212375691
212377111
212378294
212378628
212378794
212378974
212379441
212380029
212380035
212380509
212381432
212382555
212384313
212384679
212385129
212385347
212386208
212386297
212387690
212387761
212387764
212389209
212389824
212391108
212392367
212392830
212392987
212393108
212393260
212393608
212394375
212394465
212395111
212395206
212396537
212396538
212396854
212397228
212397822
212398056
212398408
212398575
212399163
212399188
212400208
212400761
212400906
212401596
212401998
212402091
212402298
212402378
212402569
212403991
212404484
212404564
212404635
212404667
212404732
212406474
212407479
212407550
212407697
212408274
212408772
212408918
212409092
212409350
212410795
212410936
212410992
212411707
212412006
212412068
212412225
212412248
212412298
212412383
212413650
212413767
212413925
212414133
212414859
212415204
212415899
212416054
212416187
212416516
212416836
212416837
212417478
212418209
212419805
212420255
212421584
212421878
212422016
212422200
212423157
212423234
212423344
212423394
212423445
212423665
212423781
212424013
212424211
212424228
212424258
212424299
212424766
212424825
212424987
212425494
212425673
212425684
212425875
212426082
212426113
212426389
212426710
212426921
212426972
212427219
212428760
212429892
212430158
212430975
212431715
212431923
212432798
212432816
212433407
212433726
212434220
212434517
212434738
212435205
212435612
212435723
212436140
212436203
212436216
212436457
212437265
212437521
212437630
212438627
212438743
212438910
212439869
212439916
212440750
212441341
212441525
212441883
212442296
212442408
212442408
212442630
212443122
212443124
212443190
212443290
212443828
212443898
212444038
212444318
212444335
212444704
212445765
212445866
212445958
212446522
212446642
212446860
212446910
212447087
212447338
212447349
212447408
212447624
212448066
212448715
212448745
212448937
212449015
212449154
212449300
212449476
212449752
212449841
212450069
212450140
212450328
212450810
212451181
212451197
212451661
212452205
212454133
212454487
212454774
212455138
212455708
212456242
212456327
212457004
212457091
212457176
212457277
212457737
212458332
212458411
212459188
212459369
212459684
212459771
212460461
212460478
212460488
212460968
212461372
212461546
212461674
212461742
212462012
212462271
212464382
212464736
212465284
212465320
212466390
212466719
212466851
212467217
212467328
212467426
212468549
212469817
212471052
212471464
212472816
212474419
212476224
212476247
212476401
212476848
212477700
212477721
212478090
212478145
212478657
212478724
212478919
212479196
212479524
212479964
212480296
212480710
212481401
212481693
212483875
212484349
212484452
212484554
212484819
212484886
212485410
212485599
212485655
212485730
212486289
212486823
212486984
212487158
212488149
212488417
212488872
212489799
212490212
212490238
212491192
212491269
212492016
212492070
212492071
212492205
212492446
212494855
212495603
212496254
212496557
212497347
212497392
212497699
212497711
212497841
212498574
212499612
212499891
212500114
212500355
212500408
212500412
212502020
212502390
212502571
212502628
212503324
212504059
212504433
212504473
212504769
212504932
212505013
212505239
212505321
212505968
212506781
212507553
212508016
212508487
212509097
212509408
212509459
212509757
212510254
212510857
212511238
212511597
212511790
212513009
212514748
212516086
212516183
212516946
212517811
212517966
212518509
212518648
212518979
212519046
212519060
212519299
212519572
212520483
212520971
212521166
212521485
212521525
212522535
212522842
212522964
212523536
212523716
212524868
212525332
212525344
212525473
212525592
212525614
212526146
212526274
212526711
212526714
212527033
212527199
212527968
212528288
212528378
212528407
212528588
212528621
212529492
212530293
212530369
212530645
212530749
212530968
212530994
212531346
212531752
212532272
212532733
212533866
212533936
212534560
212535624
212535978
212536262
212536370
212536651
212537476
212537960
212537995
212538777
212538830
212539120
212539175
212539420
212539630
212539823
212540201
212540498
212540561
212540576
212540669
212540941
212541285
212541457
212541888
212542010
212542394
212542543
212542883
212543144
212543282
212543883
212544067
212544453
212544480
212544779
212545210
212545231
212545249
212545314
212545414
212545987
212546272
212547026
212547745
212548380
212548609
212549089
212549318
212549344
212549346
212549722
212551140
212551566
212552035
212552872
212553245
212554372
212554513
212555726
212555806
212556721
212557098
212557255
212558055
212558151
212558430
212558626
212559650
212559740
212559866
212559972
212560377
212560683
212560714
212560714
212560908
212561074
212561485
212562013
212562020
212562046
212562142
212562243
212562353
212562493
212562494
212562656
212562915
212563656
212563711
212564224
212564410
212564629
212564980
212565090
212565474
212566368
212566775
212567447
212567485
212567502
212567718
212568186
212568383
212568773
212569022
212569083
212569484
212569657
212570114
212570826
212571213
212571361
212571593
212571600
212572003
212573624
212574010
212574365
212574461
212574776
212574897
212574990
212575702
212575917
212576065
212576093
212576228
212576550
212576553
212577658
212577737
212577757
212577797
212578933
212579035
212579622
212580384
212580416
212580499
212580566
212580610
212580665
212581749
212581812
212581937
212582173
212582232
212582346
212582608
212582636
212582737
212582781
212582875
212582948
212583499
212583536
212583680
212583701
212584855
212584867
212585024
212585212
212586030
212586125
212586149
212586350
212586861
212587069
212587347
212587483
212587543
212587585
212587589
212588219
212588446
212588577
212589423
212589439
212590001
212590172
212590607
212590626
212591166
212591347
212591428
212592014
212592170
212592385
212592859
212593044
212593108
212593714
212593719
212594145
212594146
212594354
212594456
212594782
212594802
212594996
212595117
212595159
212595639
212596204
212596320
212596493
212596735
212596840
212597542
212597554
212597645
212597710
212597898
212598024
212598265
212598503
212598767
212599037
212599110
212599261
212599439
212599521
212599997
212600257
212600313
212600460
212600464
212600626
212600636
212600807
212600856
212601217
212601864
212603048
212603370
212603536
212604027
212604861
212604964
212604982
212605959
212606187
212606189
212606255
212607392
212608005
212608111
212608868
212608891
212608910
212609042
212609109
212609451
212609818
212609879
212609963
212610129
212610477
212611328
212611646
212612038
212612064
212612156
212612580
212613483
212613520
212613819
212613940
212613949
212613950
212613986
212614172
212614499
212615575
212615626
212616014
212616083
212616117
212616609
212616900
212617353
212617526
212618145
212618193
212619142
212619430
212620630
212621429
212621523
212621563
212621676
212622100
212622521
212622925
212623192
212623275
212623591
212623815
212624208
212624411
212624462
212624506
212624810
212625111
212625551
212626315
212626710
212626758
212626835
212627100
212627232
212627690
212627762
212628015
212628306
212628467
212628903
212629464
212630211
212630499
212630810
212631041
212631384
212631600
212631676
212632142
212632328
212632901
212632920
212632985
212633249
212633343
212633551
212633719
212634873
212634972
212635354
212635793
212635813
212636306
212636380
212636441
212636726
212636833
212637201
212637471
212637507
212637788
212638251
212638471
212638579
212638666
212639148
212639231
212640142
212640429
212640437
212640977
212641014
212641162
212641270
212641391
212641438
212642377
212642718
212642866
212643000
212643515
212644083
212644231
212644421
212644751
212645057
212645104
212645316
212645407
212645851
212646368
212646433
212646537
212646589
212646742
212646808
212646997
212647129
212647221
212647744
212647763
212648132
212648208
212648234
212648235
212648328
212648383
212648421
212648683
212648980
212649018
212649023
212649148
212649413
212649511
212649596
212649915
212650162
212650189
212650871
212651071
212651234
212651570
212651896
212652050
212652463
212653037
212653185
212654148
212654384
212654621
212655006
212655253
212655283
212655751
212655826
212656022
212656048
212656176
212656373
212656663
212657199
212657240
212657393
212657768
212657916
212657994
212658370
212658389
212658455
212658593
212658639
212659050
212659449
212659489
212659511
212659834
212660162
212660794
212660876
212661251
212662293
212662701
212663573
212663798
212663815
212663915
212664080
212664470
212664634
212665000
212665135
212665214
212665824
212665910
212666435
212666565
212666753
212667221
212667445
212667611
212668057
212668075
212668803
212669062
212669121
212669396
212669407
212669597
212669921
212670342
212670413
212670955
212671347
212671786
212672018
212672310
212672710
212672774
212672836
212673278
212673344
212673570
212673807
212673860
212673868
212674064
212675032
212675115
212675170
212675519
212675553
212675745
212675885
212676342
212676580
212676868
212677018
212677048
212677072
212677229
212678296
212678315
212678405
212678701
212678873
212678957
212679026
212679320
212679433
212679521
212679625
212680567
212680657
212680733
212680946
212681190
212681541
212681560
212681564
212681564
212681843
212682071
212682400
212682402
212682575
212682665
212682773
212682973
212683124
212683568
212683875
212684298
212684564
212684981
212685532
212685623
212685636
212685728
212686341
212686504
212686699
212686875
212687004
212687293
212687303
212687384
212687849
212688147
212688373
212688699
212689164
212689423
212689500
212689825
212689896
212690019
212691422
212692027
212692782
212693328
212693395
212693484
212693823
212693826
212694008
212694225
212694406
212694832
212695476
212695660
212695670
212695801
212695988
212696431
212696475
212696511
212696650
212696782
212696840
212696979
212697187
212697202
212697301
212697479
212697527
212697619
212697686
212697880
212697914
212697983
212697984
212698110
212698430
212699103
212699332
212699403
212699459
212699506
212699909
212699993
212700038
212700586
212700896
212701238
212701378
212701819
212701891
212701940
212702302
212702385
212702750
212702847
212702871
212702997
212703179
212703189
212703330
212703382
212703913
212704036
212704229
212704496
212705019
212705120
212705192
212705848
212706166
212706291
212706376
212706379
212706630
212706717
212707505
212707870
212708691
212708768
212708825
212708841
212709097
212709172
212709232
212709582
212709606
212709652
212709723
212710094
212710512
212710520
212710758
212710941
212710975
212711363
212711741
212711855
212711896
212711971
212712110
212712560
212712767
212712876
212713067
212713210
212713897
212714045
212714314
212714349
212714478
212715133
212715142
212715936
212716270
212716409
212716430
212716691
212716769
212716822
212717148
212717155
212717323
212717566
212717903
212717998
212718755
212718771
212719763
212719900
212719918
212719942
212720096
212720260
212720456
212721339
212721552
212722246
212722598
212722790
212722875
212723006
212723886
212724047
212724150
212724201
212724590
212724598
212725041
212725181
212725291
212725644
212725648
212726817
212727313
212728485
212728776
212729089
212729316
212729527
212729700
212730174
212730733
212731092
212731100
212731641
212732027
212732293
212732393
212733687
212734734
212735049
212735068
212735333
212735367
212735788
212736857
212736873
212736974
212737976
212739787
212740132
212741166
212741768
212742331
212743266
212743277
212743777
212744376
212744427
212744815
212745591
212745959
212746115
212746317
212746465
212747075
212747349
212747626
212748824
212748914
212749010
212749017
212749257
212749738
212749885
212749915
212750375
212750556
212751046
212751717
212751836
212751927
212752014
212753110
212753885
212754940
212755420
212755579
212755844
212756258
212756695
212756709
212756779
212757314
212757940
212757968
212758936
212759100
212759992
212760010
212760038
212760493
212760567
212761175
212761219
212761282
212761648
212761790
212761856
212762029
212762367
212762732
212762899
212763398
212763934
212764046
212764441
212764954
212765813
212766286
212767038
212767362
212767373
212767937
212768333
212768669
212769096
212769314
212769886
212770112
212770357
212770429
212770619
212770772
212771460
212771658
212771998
212772045
212772514
212773251
212773309
212773540
212773579
212773831
212773858
212774215
212774488
212774580
212774705
212774922
212774972
212774979
212775520
212775692
212775794
212776568
212776694
212777050
212777905
212778108
212778228
212778258
212779249
212779596
212779753
212780193
212780787
212781430
212781734
212781976
212782052
212782424
212782582
212782836
212783046
212783443
212783528
212783795
212783843
212783904
212783920
212783983
212784596
212786139
212786385
212786574
212787100
212787165
212787314
212787804
212787894
212788188
212788477
212788477
212788951
212789556
212790762
212791644
212791838
212792051
212792426
212792548
212792824
212792919
212793053
212793694
212793798
212794058
212794436
212794525
212795268
212795622
212795841
212796298
212796367
212797266
212797280
212797439
212797740
212798553
212799042
212799070
212799186
212799568
212799757
212800425
212800547
212800617
212801327
212801667
212801833
212802082
212802359
212802551
212802698
212803099
212803289
212804595
212804611
212805626
212805645
212805847
212806111
212806203
212806612
212806704
212806845
212806932
212807692
212807879
212808065
212808271
212808377
212808482
212808784
212809083
212809327
212809497
212809791
212809829
212810008
212810030
212810189
212810296
212810501
212812008
212812158
212812486
212812804
212813625
212814042
212815282
212816593
212817056
212817327
212817490
212818395
212818793
212818827
212818978
212819014
212819163
212819699
212820082
212820133
212820140
212820423
212820784
212821516
212821980
212821984
212822146
212822384
212822491
212822692
212822714
212822826
212823294
212823302
212823314
212823337
212824070
212824843
212824874
212825818
212825999
212826304
212826536
212826969
212827588
212827648
212827716
212828244
212828578
212828923
212829010
212829085
212829845
212830012
212830051
212832921
212833185
212833543
212833871
212834367
212834532
212834691
212835970
212836537
212837067
212837449
212837890
212839686
212840940
212841244
212842264
212843009
212844092
212845108